-60 60 -60 60
40 40
* * * * * * * * * * * * * * * * * * * * * * * * * * * * * * * * * * * * * * * * 
* * * * * * * * * * * * * * * * * * * * * * * * * * * * * * * * * * * * * * * * 
* * * * * * * * * * * * * * * * * * * * * * * * * * * * * * * * * * * * * * * * 
* * * * * * * * * * * * * * * * * * * * * * * * * * * * * * * * * * * * * * * * 
* * * * * * * * * * * * * * * * * * * * * * * * * * * * * * * * * * * * * * * * 
* * * * * * * * * * * * * * * * * * 0.4951 0.4881 0.4881 0.4951 * * * * * * * * * * * * * * * * * * 
* * * * * * * * * * * * * * * 0.4595 0.4304 0.4082 0.3931 0.3856 0.3856 0.3931 0.4082 0.4304 0.4595 * * * * * * * * * * * * * * * 
* * * * * * * * * * * * * * * 0.3626 0.3314 0.3074 0.2912 0.2831 0.2831 0.2912 0.3074 0.3314 0.3626 * * * * * * * * * * * * * * * 
* * * * * * * * * * * * * * 0.3074 0.2666 0.2329 0.2070 0.1895 0.1806 0.1806 0.1895 0.2070 0.2329 0.2666 0.3074 * * * * * * * * * * * * * * 
* * * * * * * * * * * * * * 0.2157 0.1717 0.1352 0.1070 0.0879 0.0781 0.0781 0.0879 0.1070 0.1352 0.1717 0.2157 * * * * * * * * * * * * * * 
* * * * * * * * * * * * * 0.1806 0.1259 0.0781 0.0384 0.0075 -0.0136 -0.0243 -0.0243 -0.0136 0.0075 0.0384 0.0781 0.1259 0.1806 * * * * * * * * * * * * * 
* * * * * * * * * * * * 0.1626 0.0975 0.0384 -0.0136 -0.0572 -0.0913 -0.1147 -0.1267 -0.1267 -0.1147 -0.0913 -0.0572 -0.0136 0.0384 0.0975 0.1626 * * * * * * * * * * * * 
* * * * * * * * * * * 0.1626 0.0879 0.0179 -0.0461 -0.1029 -0.1511 -0.1892 -0.2155 -0.2291 -0.2291 -0.2155 -0.1892 -0.1511 -0.1029 -0.0461 0.0179 0.0879 0.1626 * * * * * * * * * * * 
* * * * * * * * * * 0.1806 0.0975 0.0179 -0.0572 -0.1267 -0.1892 -0.2428 -0.2857 -0.3158 -0.3314 -0.3314 -0.3158 -0.2857 -0.2428 -0.1892 -0.1267 -0.0572 0.0179 0.0975 0.1806 * * * * * * * * * * 
* * * * * * * * 0.3074 0.2157 0.1259 0.0384 -0.0461 -0.1267 -0.2022 -0.2711 -0.3314 -0.3804 -0.4153 -0.4336 -0.4336 -0.4153 -0.3804 -0.3314 -0.2711 -0.2022 -0.1267 -0.0461 0.0384 0.1259 0.2157 0.3074 * * * * * * * * 
* * * * * * 0.4595 0.3626 0.2666 0.1717 0.0781 -0.0136 -0.1029 -0.1892 -0.2711 -0.3473 -0.4153 -0.4720 -0.5135 -0.5356 -0.5356 -0.5135 -0.4720 -0.4153 -0.3473 -0.2711 -0.1892 -0.1029 -0.0136 0.0781 0.1717 0.2666 0.3626 0.4595 * * * * * * 
* * * * * * 0.4304 0.3314 0.2329 0.1352 0.0384 -0.0572 -0.1511 -0.2428 -0.3314 -0.4153 -0.4923 -0.5589 -0.6094 -0.6374 -0.6374 -0.6094 -0.5589 -0.4923 -0.4153 -0.3314 -0.2428 -0.1511 -0.0572 0.0384 0.1352 0.2329 0.3314 0.4304 * * * * * * 
* * * * * * 0.4082 0.3074 0.2070 0.1070 0.0075 -0.0913 -0.1892 -0.2857 -0.3804 -0.4720 -0.5589 -0.6374 -0.7010 -0.7385 -0.7385 -0.7010 -0.6374 -0.5589 -0.4720 -0.3804 -0.2857 -0.1892 -0.0913 0.0075 0.1070 0.2070 0.3074 0.4082 * * * * * * 
* * * * * 0.4951 0.3931 0.2912 0.1895 0.0879 -0.0136 -0.1147 -0.2155 -0.3158 -0.4153 -0.5135 -0.6094 -0.7010 -0.7824 -0.8378 -0.8378 -0.7824 -0.7010 -0.6094 -0.5135 -0.4153 -0.3158 -0.2155 -0.1147 -0.0136 0.0879 0.1895 0.2912 0.3931 0.4951 * * * * * 
* * * * * 0.4881 0.3856 0.2831 0.1806 0.0781 -0.0243 -0.1267 -0.2291 -0.3314 -0.4336 -0.5356 -0.6374 -0.7385 -0.8378 -0.9275 -0.9275 -0.8378 -0.7385 -0.6374 -0.5356 -0.4336 -0.3314 -0.2291 -0.1267 -0.0243 0.0781 0.1806 0.2831 0.3856 0.4881 * * * * * 
* * * * * 0.4881 0.3856 0.2831 0.1806 0.0781 -0.0243 -0.1267 -0.2291 -0.3314 -0.4336 -0.5356 -0.6374 -0.7385 -0.8378 -0.9275 -0.9275 -0.8378 -0.7385 -0.6374 -0.5356 -0.4336 -0.3314 -0.2291 -0.1267 -0.0243 0.0781 0.1806 0.2831 0.3856 0.4881 * * * * * 
* * * * * 0.4951 0.3931 0.2912 0.1895 0.0879 -0.0136 -0.1147 -0.2155 -0.3158 -0.4153 -0.5135 -0.6094 -0.7010 -0.7824 -0.8378 -0.8378 -0.7824 -0.7010 -0.6094 -0.5135 -0.4153 -0.3158 -0.2155 -0.1147 -0.0136 0.0879 0.1895 0.2912 0.3931 0.4951 * * * * * 
* * * * * * 0.4082 0.3074 0.2070 0.1070 0.0075 -0.0913 -0.1892 -0.2857 -0.3804 -0.4720 -0.5589 -0.6374 -0.7010 -0.7385 -0.7385 -0.7010 -0.6374 -0.5589 -0.4720 -0.3804 -0.2857 -0.1892 -0.0913 0.0075 0.1070 0.2070 0.3074 0.4082 * * * * * * 
* * * * * * 0.4304 0.3314 0.2329 0.1352 0.0384 -0.0572 -0.1511 -0.2428 -0.3314 -0.4153 -0.4923 -0.5589 -0.6094 -0.6374 -0.6374 -0.6094 -0.5589 -0.4923 -0.4153 -0.3314 -0.2428 -0.1511 -0.0572 0.0384 0.1352 0.2329 0.3314 0.4304 * * * * * * 
* * * * * * 0.4595 0.3626 0.2666 0.1717 0.0781 -0.0136 -0.1029 -0.1892 -0.2711 -0.3473 -0.4153 -0.4720 -0.5135 -0.5356 -0.5356 -0.5135 -0.4720 -0.4153 -0.3473 -0.2711 -0.1892 -0.1029 -0.0136 0.0781 0.1717 0.2666 0.3626 0.4595 * * * * * * 
* * * * * * * * 0.3074 0.2157 0.1259 0.0384 -0.0461 -0.1267 -0.2022 -0.2711 -0.3314 -0.3804 -0.4153 -0.4336 -0.4336 -0.4153 -0.3804 -0.3314 -0.2711 -0.2022 -0.1267 -0.0461 0.0384 0.1259 0.2157 0.3074 * * * * * * * * 
* * * * * * * * * * 0.1806 0.0975 0.0179 -0.0572 -0.1267 -0.1892 -0.2428 -0.2857 -0.3158 -0.3314 -0.3314 -0.3158 -0.2857 -0.2428 -0.1892 -0.1267 -0.0572 0.0179 0.0975 0.1806 * * * * * * * * * * 
* * * * * * * * * * * 0.1626 0.0879 0.0179 -0.0461 -0.1029 -0.1511 -0.1892 -0.2155 -0.2291 -0.2291 -0.2155 -0.1892 -0.1511 -0.1029 -0.0461 0.0179 0.0879 0.1626 * * * * * * * * * * * 
* * * * * * * * * * * * 0.1626 0.0975 0.0384 -0.0136 -0.0572 -0.0913 -0.1147 -0.1267 -0.1267 -0.1147 -0.0913 -0.0572 -0.0136 0.0384 0.0975 0.1626 * * * * * * * * * * * * 
* * * * * * * * * * * * * 0.1806 0.1259 0.0781 0.0384 0.0075 -0.0136 -0.0243 -0.0243 -0.0136 0.0075 0.0384 0.0781 0.1259 0.1806 * * * * * * * * * * * * * 
* * * * * * * * * * * * * * 0.2157 0.1717 0.1352 0.1070 0.0879 0.0781 0.0781 0.0879 0.1070 0.1352 0.1717 0.2157 * * * * * * * * * * * * * * 
* * * * * * * * * * * * * * 0.3074 0.2666 0.2329 0.2070 0.1895 0.1806 0.1806 0.1895 0.2070 0.2329 0.2666 0.3074 * * * * * * * * * * * * * * 
* * * * * * * * * * * * * * * 0.3626 0.3314 0.3074 0.2912 0.2831 0.2831 0.2912 0.3074 0.3314 0.3626 * * * * * * * * * * * * * * * 
* * * * * * * * * * * * * * * 0.4595 0.4304 0.4082 0.3931 0.3856 0.3856 0.3931 0.4082 0.4304 0.4595 * * * * * * * * * * * * * * * 
* * * * * * * * * * * * * * * * * * 0.4951 0.4881 0.4881 0.4951 * * * * * * * * * * * * * * * * * * 
* * * * * * * * * * * * * * * * * * * * * * * * * * * * * * * * * * * * * * * * 
* * * * * * * * * * * * * * * * * * * * * * * * * * * * * * * * * * * * * * * * 
* * * * * * * * * * * * * * * * * * * * * * * * * * * * * * * * * * * * * * * * 
* * * * * * * * * * * * * * * * * * * * * * * * * * * * * * * * * * * * * * * * 
* * * * * * * * * * * * * * * * * * * * * * * * * * * * * * * * * * * * * * * * 
